[gd_scene format=3 uid="uid://maqotbvni06i"]

[ext_resource type="Script" uid="uid://t28wjyjtbgrv" path="res://Scripts/Levels/level.gd" id="1_jon3f"]
[ext_resource type="PackedScene" uid="uid://cwlio2vhtvhq4" path="res://Props/stalactite.tscn" id="3_4cgce"]
[ext_resource type="PackedScene" uid="uid://pwp3qtp2ovvx" path="res://Props/walls/cliff_wall.tscn" id="4_8eiv4"]
[ext_resource type="PackedScene" uid="uid://10ey0gq2dcg3" path="res://Props/floors/rock_floor.tscn" id="5_yd8fq"]
[ext_resource type="PackedScene" uid="uid://c61hcr821rwon" path="res://Props/log.tscn" id="6_vybwq"]
[ext_resource type="PackedScene" uid="uid://bj8oo0gun68no" path="res://Props/check_point.tscn" id="8_twi1l"]
[ext_resource type="PackedScene" uid="uid://bd6o4e7ej1fe3" path="res://Props/Traps/bear_trap_trigger.tscn" id="9_hy5j1"]
[ext_resource type="PackedScene" uid="uid://darce5iygie2w" path="res://Props/Traps/bear.tscn" id="9_q5lgr"]
[ext_resource type="PackedScene" uid="uid://yw5l62jqk8kr" path="res://Props/Traps/bear_path.tscn" id="9_xxxi4"]
[ext_resource type="PackedScene" uid="uid://dfpatff4d5okj" path="res://addons/godot_3d_cursor/scenes/3d_cursor.tscn" id="11_4c4gq"]
[ext_resource type="PackedScene" uid="uid://3rr4uyg2mcjc" path="res://Props/Vines/vine_group_5.tscn" id="12_3e7p2"]
[ext_resource type="PackedScene" uid="uid://tn3gobco8e5m" path="res://Props/pillar.tscn" id="12_4c4gq"]
[ext_resource type="PackedScene" uid="uid://mm4t0705eltt" path="res://Props/Vines/swing_vine.tscn" id="13_3e7p2"]
[ext_resource type="PackedScene" uid="uid://buo6qjwexcyrf" path="res://Props/hazards/wind_hazard.tscn" id="14_dxjb0"]

[sub_resource type="Environment" id="Environment_84iim"]

[sub_resource type="BoxShape3D" id="BoxShape3D_xxxi4"]
size = Vector3(9.138184, 2.4715576, 1)

[node name="Level3" type="Node3D" unique_id=1372085318 groups=["level"]]
script = ExtResource("1_jon3f")

[node name="3DCursor" parent="." unique_id=437678393 instance=ExtResource("11_4c4gq")]
transform = Transform3D(1, 0, 0, 0, 1, 0, 0, 0, 1, 56.10419, 26.261734, -122.85927)
metadata/cursor_id = 0
metadata/size_scale = 1.0
metadata/show_title_label = true
metadata/show_number_label = true
metadata/scale_affect_labels = true
metadata/_edit_lock_ = true

[node name="spawn_point" type="Marker3D" parent="." unique_id=2108449356]
transform = Transform3D(-0.99599755, 0, -0.08938104, 0, 1, 0, 0.08938104, 0, -0.99599755, 36.940643, 61.208767, -222.98227)

[node name="CSGCombiner3D" type="CSGCombiner3D" parent="." unique_id=917253758]
transform = Transform3D(1, 0, 0, 0, 1, 0, 0, 0, 1, 0, -205.75009, 0)
use_collision = true
collision_mask = 5

[node name="CSGBox3D-bottom_floor" type="CSGBox3D" parent="CSGCombiner3D" unique_id=1613846416]
transform = Transform3D(500, 0, 0, 0, 1, 0, 0, 0, 500, 11.689285, 111.05008, -165.8346)

[node name="stalactites" type="Node3D" parent="." unique_id=1210215840]
transform = Transform3D(1, 0, 0, 0, 1, 0, 0, 0, 1, 0, -205.75009, 0)

[node name="stalactitte" parent="stalactites" unique_id=351091408 instance=ExtResource("3_4cgce")]
transform = Transform3D(-1.3809066, 0.33467782, -0.2135992, 0.09139969, 4.7692585, 0.051162418, 0.21352239, 0.12293834, -1.4033028, 35.15162, 264.21262, -172.25421)

[node name="stalactitte2" parent="stalactites" unique_id=703755940 instance=ExtResource("3_4cgce")]
transform = Transform3D(-0.814716, 0, 1.0924416, 0, 2.5033135, 0, -1.3913187, 0, -0.6397022, 38.7197, 263.97998, -173.8472)

[node name="stalactitte10" parent="stalactites" unique_id=738076910 instance=ExtResource("3_4cgce")]
transform = Transform3D(-0.81471586, 0.059724484, -1.0921547, 0, -3.019632, -0.029008422, -1.3913186, -0.03497293, 0.63953424, 38.301075, 280.26843, -173.60207)

[node name="stalactitte20" parent="stalactites" unique_id=1544142390 instance=ExtResource("3_4cgce")]
transform = Transform3D(0.7015161, -0.9359724, -1.0209142, 0.870369, 1.9466869, -0.15481392, 1.1618359, -0.8931867, 0.7324037, 43.926907, 260.72916, -156.59924)

[node name="stalactitte21" parent="stalactites" unique_id=562097990 instance=ExtResource("3_4cgce")]
transform = Transform3D(0.78216976, -0.9969773, -0.966385, 0.87036896, 1.9466869, -0.15481389, 1.1091429, -0.8245382, 0.80298245, 43.600105, 259.98962, -155.80756)

[node name="stalactitte22" parent="stalactites" unique_id=971536700 instance=ExtResource("3_4cgce")]
transform = Transform3D(1.0080873, -0.7958974, -0.8060639, 0.8143142, 1.2937393, -0.18276851, 0.7720922, -0.32531905, 1.2452061, 43.600105, 260.0991, -155.79889)

[node name="stalactitte23" parent="stalactites" unique_id=387475353 instance=ExtResource("3_4cgce")]
transform = Transform3D(-1.2947721, -0.63010013, 0.6727834, -0.7538397, 1.9586377, -0.35631824, -0.59566885, -1.1091108, -1.0114585, 46.931732, 251.73323, -145.88867)

[node name="stalactitte24" parent="stalactites" unique_id=717040598 instance=ExtResource("3_4cgce")]
transform = Transform3D(-1.3345882, -0.58949697, 0.63452214, -0.7390765, 1.9145696, -0.43659937, -0.5216965, -1.2042965, -1.004694, 47.598118, 250.9411, -146.0112)

[node name="stalactitte25" parent="stalactites" unique_id=322591069 instance=ExtResource("3_4cgce")]
transform = Transform3D(-1.4023385, -0.2883964, 0.4756649, -0.47206777, 1.3262799, -0.62181896, -0.2933821, -0.7555497, -1.273093, 47.205837, 251.75435, -146.05547)

[node name="stalactitte11" parent="stalactites" unique_id=1773050864 instance=ExtResource("3_4cgce")]
transform = Transform3D(-1.2221782, 0.081858695, -1.3589295, 0, -4.1387234, -0.03609415, -2.0871563, -0.04793408, 0.7957498, 36.448105, 280.89267, -171.79333)

[node name="stalactitte13" parent="stalactites" unique_id=575297496 instance=ExtResource("3_4cgce")]
transform = Transform3D(-0.5865302, 0.017303158, -0.72978616, 0, -0.8748366, -0.019383648, -1.001638, -0.010132229, 0.42734164, 24.717901, 277.92844, -164.92448)

[node name="stalactitte14" parent="stalactites" unique_id=875949646 instance=ExtResource("3_4cgce")]
transform = Transform3D(1.1081647, 0.02498614, 0.6468779, 0.01224008, -1.2632831, 0.022733945, 0.8356185, -0.01463116, -0.8581975, 24.215754, 278.00287, -164.2561)

[node name="stalactitte15" parent="stalactites" unique_id=996481751 instance=ExtResource("3_4cgce")]
transform = Transform3D(1.1081648, -0.034411635, 0.6470727, 0.012240078, -2.6160696, -0.036033645, 0.8356185, 0.08395537, -0.857595, 24.843378, 279.9844, -162.37128)

[node name="stalactitte17" parent="stalactites" unique_id=1250854844 instance=ExtResource("3_4cgce")]
transform = Transform3D(2.155941, -0.081634656, 0.90796053, 0.023813143, -6.2060966, -0.050561752, 1.6257007, 0.19916716, -1.2033616, 24.926567, 282.05414, -163.54431)

[node name="stalactitte16" parent="stalactites" unique_id=1224768108 instance=ExtResource("3_4cgce")]
transform = Transform3D(1.1081649, -0.032183953, 0.64709204, 0.0122400755, -2.616191, -0.034514878, 0.8356185, 0.08100289, -0.8576429, 24.433983, 281.28848, -161.05223)

[node name="stalactitte18" parent="stalactites" unique_id=554572780 instance=ExtResource("3_4cgce")]
transform = Transform3D(0.91513777, 0.08612212, 0.46894795, 0.06476506, -3.3306806, -0.02501295, 0.68786556, 0.19901875, -0.6215343, 22.395838, 280.2217, -162.67432)

[node name="stalactitte19" parent="stalactites" unique_id=2002833640 instance=ExtResource("3_4cgce")]
transform = Transform3D(1.1433591, 0.1141554, 0.6580211, 0.08091647, -4.414838, -0.035097815, 0.8594086, 0.2638006, -0.8721281, 22.198246, 281.19058, -161.61401)

[node name="stalactitte12" parent="stalactites" unique_id=183995112 instance=ExtResource("3_4cgce")]
transform = Transform3D(1.527063, 0.086723894, -0.5424606, 0.038208496, -4.384705, 0.0031495532, -0.69117856, -0.050782993, -1.1983169, 33.691963, 282.10156, -171.55312)

[node name="stalactitte3" parent="stalactites" unique_id=1988011850 instance=ExtResource("3_4cgce")]
transform = Transform3D(-0.814716, 0, 1.0924416, 0, 3.6612563, 0, -1.3913187, 0, -0.6397022, 38.61809, 263.97998, -169.50957)

[node name="stalactitte4" parent="stalactites" unique_id=1870958415 instance=ExtResource("3_4cgce")]
transform = Transform3D(-0.814716, 0, 1.0924416, 0, 1.8183165, 0, -1.3913187, 0, -0.6397022, 26.3031, 263.46597, -164.57928)

[node name="stalactitte5" parent="stalactites" unique_id=186189228 instance=ExtResource("3_4cgce")]
transform = Transform3D(-0.814716, 0, 1.0924416, 0, 1.8696889, 0, -1.3913187, 0, -0.6397022, 23.975962, 263.5768, -161.7109)

[node name="stalactitte6" parent="stalactites" unique_id=172647122 instance=ExtResource("3_4cgce")]
transform = Transform3D(-1.6049315, 0, -0.120940864, 0, 3.269099, 0, 0.1540286, 0, -1.260167, 22.567652, 263.21478, -163.99135)

[node name="stalactitte7" parent="stalactites" unique_id=938350109 instance=ExtResource("3_4cgce")]
transform = Transform3D(0.4430048, 0, 1.2172323, 0, 3.6700873, 0, -1.5502504, 0, 0.34784034, 20.31643, 263.21478, -162.93007)

[node name="stalactitte8" parent="stalactites" unique_id=641748344 instance=ExtResource("3_4cgce")]
transform = Transform3D(0.4430048, 0, 1.2172323, 0, 3.3324723, 0, -1.5502504, 0, 0.34784034, 21.205599, 263.21478, -161.11456)

[node name="stalactitte9" parent="stalactites" unique_id=1575227191 instance=ExtResource("3_4cgce")]
transform = Transform3D(0.34152693, 0, -1.6727669, 0, 2.916937, 0, 1.923152, 0, 0.29706198, 21.463638, 263.21478, -159.8667)

[node name="stalactitte26" parent="stalactites" unique_id=543627198 instance=ExtResource("3_4cgce")]
transform = Transform3D(1, 0, 0, 0, -4.221732, 8.742278e-08, 0, -3.6907554e-07, -1, 73.95326, 305.70016, -185.34758)

[node name="stalactitte27" parent="stalactites" unique_id=279890108 instance=ExtResource("3_4cgce")]
transform = Transform3D(1, 0, 0, 0, -4.221732, 8.742278e-08, 0, -3.6907554e-07, -1, 75.22402, 305.70016, -186.62016)

[node name="stalactitte28" parent="stalactites" unique_id=1519008972 instance=ExtResource("3_4cgce")]
transform = Transform3D(1, 0, 0, 0, -4.221732, 8.742278e-08, 0, -3.6907554e-07, -1, 75.5789, 305.70016, -188.91109)

[node name="stalactitte39" parent="stalactites" unique_id=1757130922 instance=ExtResource("3_4cgce")]
transform = Transform3D(1, 0, 0, 0, -4.221732, 8.742278e-08, 0, -3.6907554e-07, -1, 80.3583, 305.70016, -191.67274)

[node name="stalactitte40" parent="stalactites" unique_id=396965258 instance=ExtResource("3_4cgce")]
transform = Transform3D(1, 0, 0, 0, -4.221732, 8.742278e-08, 0, -3.6907554e-07, -1, 81.77266, 305.70016, -189.5369)

[node name="stalactitte41" parent="stalactites" unique_id=1675161802 instance=ExtResource("3_4cgce")]
transform = Transform3D(1, 0, 0, 0, -4.221732, 8.742278e-08, 0, -3.6907554e-07, -1, 83.04069, 304.4373, -185.54062)

[node name="stalactitte29" parent="stalactites" unique_id=1345444113 instance=ExtResource("3_4cgce")]
transform = Transform3D(1, 0, 0, 0, -4.221732, 8.742278e-08, 0, -3.6907554e-07, -1, 73.28678, 304.5842, -190.67891)

[node name="stalactitte30" parent="stalactites" unique_id=1745371194 instance=ExtResource("3_4cgce")]
transform = Transform3D(1, 0, 0, 0, -4.221732, 8.742278e-08, 0, -3.6907554e-07, -1, 72.66606, 304.5842, -190.4281)

[node name="stalactitte31" parent="stalactites" unique_id=169260680 instance=ExtResource("3_4cgce")]
transform = Transform3D(1, 0, 0, 0, -4.221732, 8.742278e-08, 0, -3.6907554e-07, -1, 70.713165, 304.5842, -188.0156)

[node name="stalactitte35" parent="stalactites" unique_id=1509805186 instance=ExtResource("3_4cgce")]
transform = Transform3D(1, 0, 0, 0, 8.957419, 0, 0, 0, 1, 70.713165, 269.6789, -188.40784)

[node name="stalactitte42" parent="stalactites" unique_id=1065182285 instance=ExtResource("3_4cgce")]
transform = Transform3D(1, 0, 0, 0, 8.957419, 0, 0, 0, 1, 79.201805, 269.6789, -178.51811)

[node name="stalactitte43" parent="stalactites" unique_id=1049634871 instance=ExtResource("3_4cgce")]
transform = Transform3D(1, 0, 0, 0, 8.957419, 0, 0, 0, 1, 80.75137, 269.6789, -175.94472)

[node name="stalactitte36" parent="stalactites" unique_id=215632911 instance=ExtResource("3_4cgce")]
transform = Transform3D(1, 0, 0, 0, 8.957419, 0, 0, 0, 1, 70.713165, 269.6789, -189.27904)

[node name="stalactitte37" parent="stalactites" unique_id=256680449 instance=ExtResource("3_4cgce")]
transform = Transform3D(1, 0, 0, 0, 8.957419, 0, 0, 0, 1, 73.04903, 269.6789, -191.07532)

[node name="stalactitte38" parent="stalactites" unique_id=1433064761 instance=ExtResource("3_4cgce")]
transform = Transform3D(1, 0, 0, 0, 8.957419, 0, 0, 0, 1, 74.41349, 269.6789, -191.8295)

[node name="stalactitte32" parent="stalactites" unique_id=2045695448 instance=ExtResource("3_4cgce")]
transform = Transform3D(1, 0, 0, 0, -4.221732, 8.742278e-08, 0, -3.6907554e-07, -1, 70.713165, 304.5842, -188.87228)

[node name="stalactitte33" parent="stalactites" unique_id=630662760 instance=ExtResource("3_4cgce")]
transform = Transform3D(1, 0, 0, 0, -4.221732, 8.742278e-08, 0, -3.6907554e-07, -1, 70.713165, 304.5842, -189.82858)

[node name="stalactitte34" parent="stalactites" unique_id=479231984 instance=ExtResource("3_4cgce")]
transform = Transform3D(1, 0, 0, 0, -4.221732, 8.742278e-08, 0, -3.6907554e-07, -1, 75.15707, 305.70016, -185.67458)

[node name="Environment" type="Node3D" parent="." unique_id=66024673]
transform = Transform3D(1, 0, 0, 0, 1, 0, 0, 0, 1, 0, -336.7501, 0)

[node name="DirectionalLight3D" type="DirectionalLight3D" parent="Environment" unique_id=1225531971]
transform = Transform3D(1, 0, 0, 0, 0.65648043, 0.75434303, 0, -0.75434303, 0.65648043, 0, 8.501058, 0)

[node name="WorldEnvironment" type="WorldEnvironment" parent="Environment" unique_id=198811904]
environment = SubResource("Environment_84iim")

[node name="walls" type="Node3D" parent="." unique_id=1789663071]
transform = Transform3D(1, 0, 0, 0, 1, 0, 0, 0, 1, 0, -205.75009, 0)

[node name="cliff_wall" parent="walls" unique_id=1726971941 instance=ExtResource("4_8eiv4")]
transform = Transform3D(0.48331374, -0.247222, 0.83981496, 0.3731873, 0.925953, 0.05780978, -0.7919212, 0.28546795, 0.53978604, 40.697445, 317.076, -175.2984)

[node name="cliff_wall4" parent="walls" unique_id=1067169786 instance=ExtResource("4_8eiv4")]
transform = Transform3D(0.87833536, -0.059817284, 0.4742881, 0.06794565, 0.9976889, 0, -0.47319198, 0.0322258, 0.88037, 43.554657, 297.19385, -179.87363)

[node name="cliff_wall5" parent="walls" unique_id=281854749 instance=ExtResource("4_8eiv4")]
transform = Transform3D(0.881352, -0.06678441, 0.46771628, 0.06486408, 0.99768883, 0.020230241, -0.46798638, 0.0125080105, 0.8836474, 51.89059, 297.32568, -164.33998)

[node name="cliff_wall6" parent="walls" unique_id=395658138 instance=ExtResource("4_8eiv4")]
transform = Transform3D(-0.26266617, -0.02284946, 0.9646163, 0.08607485, 0.99517864, 0.047011726, -0.96103996, 0.09537757, -0.25943303, 61.793957, 298.06467, -165.48024)

[node name="cliff_wall7" parent="walls" unique_id=625191649 instance=ExtResource("4_8eiv4")]
transform = Transform3D(0.0141610205, -0.022849457, 0.9996387, 0.09571509, 0.99517864, 0.02139162, -0.99530816, 0.09537758, 0.016279861, 77.81655, 298.64594, -167.70685)

[node name="cliff_wall82" parent="walls" unique_id=505050228 instance=ExtResource("4_8eiv4")]
transform = Transform3D(0.13811761, -0.2719442, -7.702536, 0.38124472, 2.5626361, -0.30039996, 0.9140988, -1.0277132, 1.289118, 68.82723, 306.9896, -149.20863)

[node name="cliff_wall99" parent="walls" unique_id=428486771 instance=ExtResource("4_8eiv4")]
transform = Transform3D(0.1489341, 0.22372851, -3.5280879, -0.6604011, 2.080597, -0.13759589, 0.7359957, 1.8216243, 0.5904706, 4.1772776, 258.8916, -146.03615)

[node name="cliff_wall100" parent="walls" unique_id=450741685 instance=ExtResource("4_8eiv4")]
transform = Transform3D(0.94971436, -0.81238824, 0.20558766, 0.28307867, 1.8076164, -1.3046026, 0.13382737, 1.9415979, 1.3005977, 37.00145, 257.57336, -138.98927)

[node name="cliff_wall85" parent="walls" unique_id=1805412496 instance=ExtResource("4_8eiv4")]
transform = Transform3D(0.86541575, 1.1523161, 0.79365325, 0.22539212, 0.49069393, -2.7130814, -0.44749838, 2.4756088, 0.16834381, 22.686947, 300.4594, -209.12177)

[node name="cliff_wall87" parent="walls" unique_id=1665535737 instance=ExtResource("4_8eiv4")]
transform = Transform3D(0.7065679, 1.1523161, 1.6224324, 0.5550869, 0.49069387, -2.3015988, -0.43890908, 2.4756088, -0.29898673, 54.82605, 273.60757, -172.64194)

[node name="cliff_wall88" parent="walls" unique_id=1414586491 instance=ExtResource("4_8eiv4")]
transform = Transform3D(-0.6507662, 1.0703007, -0.052948534, 0.30406946, 0.28983074, -1.0826484, -0.6957342, -0.8744528, -0.42364293, 47.02756, 254.13942, -195.0777)

[node name="cliff_wall83" parent="walls" unique_id=670079467 instance=ExtResource("4_8eiv4")]
transform = Transform3D(0.13811761, -0.2719442, -7.702536, 0.38124472, 2.5626361, -0.30039996, 0.9140988, -1.0277132, 1.289118, 145.49052, 260.8756, -141.55937)

[node name="cliff_wall84" parent="walls" unique_id=232835382 instance=ExtResource("4_8eiv4")]
transform = Transform3D(-0.9555019, -0.27194428, -2.174448, 0.01671356, 2.5626364, -2.99185, 0.29451227, -1.0277133, -6.884892, 72.1588, 262.15833, -118.9565)

[node name="cliff_wall9" parent="walls" unique_id=1140115820 instance=ExtResource("4_8eiv4")]
transform = Transform3D(-0.9978139, -0.022849461, -0.06201464, -0.0286194, 0.9951788, 0.0938079, 0.05957234, 0.09537758, -0.99365723, 86.49928, 299.79825, -177.65045)

[node name="cliff_wall10" parent="walls" unique_id=1843933871 instance=ExtResource("4_8eiv4")]
transform = Transform3D(0.05565703, -0.022849463, -0.9981888, -0.093988344, 0.9951788, -0.02802116, 0.9940166, 0.09537759, 0.053240925, 67.764336, 287.95978, -197.49275)

[node name="cliff_wall12" parent="walls" unique_id=990065232 instance=ExtResource("4_8eiv4")]
transform = Transform3D(-0.7462996, -0.022849463, -0.66521823, -0.0804593, 0.99517876, 0.056082964, 0.66072977, 0.095377594, -0.74454015, 52.19801, 283.0389, -204.46112)

[node name="cliff_wall13" parent="walls" unique_id=1898103513 instance=ExtResource("4_8eiv4")]
transform = Transform3D(-0.8515157, -0.323569, -0.41067642, -0.3157644, 0.9438309, -0.08891758, 0.41670737, 0.054004643, -0.90657014, 44.420753, 274.7781, -221.15778)

[node name="cliff_wall14" parent="walls" unique_id=1479282422 instance=ExtResource("4_8eiv4")]
transform = Transform3D(0.16666558, -0.2849233, -0.9439499, 0, 0.95733947, -0.288965, 0.9860138, 0.04816049, 0.15955552, 31.699612, 270.8773, -227.67737)

[node name="cliff_wall15" parent="walls" unique_id=1590991287 instance=ExtResource("4_8eiv4")]
transform = Transform3D(0.796718, -0.28492332, -0.5329725, 0.20858443, 0.9573395, -0.1999833, 0.5672158, 0.048160497, 0.82216, 28.270662, 269.55188, -217.64041)

[node name="cliff_wall27" parent="walls" unique_id=1148010055 instance=ExtResource("4_8eiv4")]
transform = Transform3D(0.85206914, 0.24881579, 0.46050987, -0.32491347, 0.9411949, 0.09264591, -0.41037798, -0.22856647, 0.8828066, 24.777496, 271.18057, -205.15082)

[node name="cliff_wall86" parent="walls" unique_id=589132311 instance=ExtResource("4_8eiv4")]
transform = Transform3D(0.85206914, -0.056253593, 0.30404475, -0.32491344, 0.14611164, 0.49629998, -0.410378, -0.23248222, 0.23834759, 30.261341, 274.73904, -196.37444)

[node name="cliff_wall89" parent="walls" unique_id=731832112 instance=ExtResource("4_8eiv4")]
transform = Transform3D(0.40223104, 0.1349935, 0.4897052, 0.17652135, 0.22246282, -0.36613205, -0.8983601, 0.10415424, 0.14731792, 38.06656, 271.01843, -192.70567)

[node name="cliff_wall90" parent="walls" unique_id=377195369 instance=ExtResource("4_8eiv4")]
transform = Transform3D(0.65056825, 0.09409492, 0.82985157, -0.49885103, 0.242517, 0.06091965, -0.5726334, -0.10436815, 0.88972354, 31.580315, 273.7019, -197.1005)

[node name="cliff_wall28" parent="walls" unique_id=457563966 instance=ExtResource("4_8eiv4")]
transform = Transform3D(0.9426433, -0.09850804, 0.31893665, 0.14419864, 0.98188424, -0.122921914, -0.30105028, 0.16186158, 0.93977135, 43.92948, 267.7872, -179.44342)

[node name="cliff_wall38" parent="walls" unique_id=642173394 instance=ExtResource("4_8eiv4")]
transform = Transform3D(0.94977057, -0.14753391, -0.17915149, 0.1056163, 0.98127186, -0.104568474, 0.29458764, 0.1238511, 0.61508644, 46.495037, 268.4039, -167.61974)

[node name="cliff_wall29" parent="walls" unique_id=266473958 instance=ExtResource("4_8eiv4")]
transform = Transform3D(0.51798016, -0.098368295, -0.32744563, -0.051333167, -1.2514749, 0.0052596405, -0.29680142, 0.04477512, -0.57237023, 25.489107, 275.27478, -175.66971)

[node name="cliff_wall39" parent="walls" unique_id=631802944 instance=ExtResource("4_8eiv4")]
transform = Transform3D(0.51798016, -0.0649503, -0.32744563, -0.051333167, -0.8263198, 0.0052596405, -0.29680142, 0.029563973, -0.57237023, 18.63091, 264.6392, -185.7992)

[node name="cliff_wall91" parent="walls" unique_id=1096260514 instance=ExtResource("4_8eiv4")]
transform = Transform3D(0.3659449, 0.7391093, 0.32641298, -0.41958436, 0.85311997, -0.017653346, -0.22150105, -0.3949533, 0.5727119, 26.046818, 279.4081, -189.5706)

[node name="cliff_wall95" parent="walls" unique_id=1565263593 instance=ExtResource("4_8eiv4")]
transform = Transform3D(0.43643695, 0.79551643, -0.0444422, -0.30245933, 0.81674176, 0.14294845, 0.27761582, -0.36079192, 0.22560777, 29.073729, 279.6324, -183.31964)

[node name="cliff_wall40" parent="walls" unique_id=1384243584 instance=ExtResource("4_8eiv4")]
transform = Transform3D(0.5971922, -0.06495032, 0.015140966, -0.046387024, -0.8263198, -0.024760487, 0.015468612, 0.029563976, -0.65879714, 15.438558, 264.46234, -197.75569)

[node name="cliff_wall92" parent="walls" unique_id=1501645039 instance=ExtResource("4_8eiv4")]
transform = Transform3D(0.3724185, -0.80591077, 0.015140966, -0.4686673, -0.6400941, -0.024760488, 0.02617384, 0.0055354913, -0.6587972, 22.503517, 278.2579, -198.11183)

[node name="cliff_wall41" parent="walls" unique_id=599280714 instance=ExtResource("4_8eiv4")]
transform = Transform3D(0.52619714, -0.06495032, 0.31117272, -0.031166563, -0.8263198, -0.045197144, 0.2849119, 0.029563976, -0.57964194, 17.21141, 263.97968, -207.35088)

[node name="cliff_wall93" parent="walls" unique_id=1496301030 instance=ExtResource("4_8eiv4")]
transform = Transform3D(0.39348084, -0.4879315, 0.31117272, -0.38223362, -0.63618755, -0.045197144, 0.24103917, -0.21233302, -0.57964194, 22.160755, 275.7139, -205.60886)

[node name="cliff_wall30" parent="walls" unique_id=1850002750 instance=ExtResource("4_8eiv4")]
transform = Transform3D(0.026850715, -0.0649503, 0.65674657, 0.01929458, -0.82632, -0.05261537, 0.59827787, 0.029563978, -0.02777797, 21.118744, 265.42178, -168.9334)

[node name="cliff_wall31" parent="walls" unique_id=1710675286 instance=ExtResource("4_8eiv4")]
transform = Transform3D(0.5977199, 0.05285391, -0.019144911, -0.037997857, 0.82767165, 0.0075795352, 0.017798547, -0.007982641, 0.6591146, 14.567512, 270.74213, -162.5419)

[node name="cliff_wall33" parent="walls" unique_id=1539999559 instance=ExtResource("4_8eiv4")]
transform = Transform3D(-0.07338804, -0.030866543, -0.65401113, -0.42873892, 0.57709605, 0.04105284, 0.41210055, 0.5948991, -0.07375785, 20.016108, 279.16263, -164.57864)

[node name="cliff_wall97" parent="walls" unique_id=245940628 instance=ExtResource("4_8eiv4")]
transform = Transform3D(0.4967528, 0.29116005, -0.19449177, -0.23086381, 0.76531374, 0.004624307, 0.24283361, 0.13197789, 0.40225863, 29.876562, 280.29755, -169.66188)

[node name="cliff_wall34" parent="walls" unique_id=2052210115 instance=ExtResource("4_8eiv4")]
transform = Transform3D(-0.014563522, -0.09824579, -1.2552773, -0.54483086, -0.23412332, 0.07879484, -0.17411223, 0.7408351, -0.14156723, 26.510637, 281.76328, -160.07005)

[node name="cliff_wall32" parent="walls" unique_id=857309396 instance=ExtResource("4_8eiv4")]
transform = Transform3D(0.19536215, 0.0528539, 0.6219832, -0.017936012, 0.82767147, -0.03763746, -0.5661639, -0.00798264, 0.2158156, 19.182177, 272.08865, -156.1191)

[node name="cliff_wall17" parent="walls" unique_id=21775290 instance=ExtResource("4_8eiv4")]
transform = Transform3D(-0.14242946, 0, 0.9515085, 0, 0.42104083, 0, -0.44054943, 0, -0.3076223, 31.600004, 269.91208, -184.46321)

[node name="cliff_wall96" parent="walls" unique_id=1237020758 instance=ExtResource("4_8eiv4")]
transform = Transform3D(-0.3007124, -0.050433263, 0.75088006, -0.16434239, 0.38781095, -0.16008727, -0.31134158, -0.15599543, -0.64074266, 30.978624, 277.36096, -185.10655)

[node name="cliff_wall94" parent="walls" unique_id=1543843758 instance=ExtResource("4_8eiv4")]
transform = Transform3D(0.13884942, 0, -0.9539737, 0, 0.42104083, 0, 0.4416908, 0, 0.2998901, 31.777819, 269.91208, -183.921)

[node name="cliff_wall18" parent="walls" unique_id=672223425 instance=ExtResource("4_8eiv4")]
transform = Transform3D(-0.44152576, 0, -0.30102202, 0, 0.70870566, 0, 0.13937351, 0, -0.95361716, 41.57739, 271.93906, -177.04553)

[node name="cliff_wall35" parent="walls" unique_id=2097114125 instance=ExtResource("4_8eiv4")]
transform = Transform3D(-0.07097957, -0.6670437, -0.30102205, -0.45697904, 0.11393134, 2.9802322e-08, 0.022405647, 0.21056129, -0.9536172, 34.915318, 281.05075, -174.12094)

[node name="cliff_wall19" parent="walls" unique_id=153995401 instance=ExtResource("4_8eiv4")]
transform = Transform3D(-0.39609313, 0, 0.3551309, 0, 0.70870566, 0, -0.23975028, 0, -0.5867143, 44.051643, 271.6879, -166.00218)

[node name="cliff_wall20" parent="walls" unique_id=621027370 instance=ExtResource("4_8eiv4")]
transform = Transform3D(-0.12706098, 0, 1.0698857, 0, 0.70870566, 0, -0.44522518, 0, -0.30533028, 25.098045, 271.06595, -153.96605)

[node name="cliff_wall76" parent="walls" unique_id=1564970665 instance=ExtResource("4_8eiv4")]
transform = Transform3D(0.09016846, 0, -1.0912989, 0, 0.70870566, 0, 0.4541361, 0, 0.21667676, 25.514914, 271.06595, -152.42645)

[node name="cliff_wall77" parent="walls" unique_id=255173401 instance=ExtResource("4_8eiv4")]
transform = Transform3D(0.4610124, 0.045824017, 0.0121438, -0.028874356, 0.7068622, -0.0066229417, -0.031683777, 0.022574062, 0.18273292, 35.465736, 272.32672, -156.139)

[node name="cliff_wall78" parent="walls" unique_id=1492651686 instance=ExtResource("4_8eiv4")]
transform = Transform3D(0.18876852, 0.094329916, 0.16554591, -0.07483832, 0.69751906, -0.013206213, -0.41609582, -0.08266042, 0.077477805, 35.25672, 272.2816, -157.88521)

[node name="cliff_wall79" parent="walls" unique_id=208821637 instance=ExtResource("4_8eiv4")]
transform = Transform3D(-0.33306095, -0.07149851, -0.12594803, 0.006936628, -0.7026252, 0.023795722, -0.32154682, 0.05890123, 0.13097142, 33.358353, 272.6301, -157.11073)

[node name="cliff_wall21" parent="walls" unique_id=1043249020 instance=ExtResource("4_8eiv4")]
transform = Transform3D(-0.304116, -0.58239806, 0.21091193, -0.30743793, 0.9018306, -0.05520071, -0.16542482, -0.6053529, -0.28515, 43.687153, 258.48688, -153.69989)

[node name="cliff_wall24" parent="walls" unique_id=1240003842 instance=ExtResource("4_8eiv4")]
transform = Transform3D(-0.08642026, -0.11866527, 0.63504964, -0.3214984, 0.8835902, -0.04024534, -0.3217768, -0.8509553, -0.13034604, 52.97783, 241.5384, -143.8628)

[node name="cliff_wall22" parent="walls" unique_id=572468635 instance=ExtResource("4_8eiv4")]
transform = Transform3D(0.4028801, -0.58239806, 0.050168004, 0.13843885, 0.90183073, 0.21985434, -0.18136235, -0.6053529, 0.27926463, 40.91778, 258.8013, -151.15305)

[node name="cliff_wall101" parent="walls" unique_id=247912372 instance=ExtResource("4_8eiv4")]
transform = Transform3D(0.4106623, -0.54266864, -0.05003145, 0.20761174, 0.9227216, 0.17525943, -0.051223893, -0.61076504, 0.3092288, 41.140263, 262.33347, -146.10497)

[node name="cliff_wall23" parent="walls" unique_id=1445606787 instance=ExtResource("4_8eiv4")]
transform = Transform3D(-0.035151698, -0.58239794, -0.31516314, 0.24143621, 0.9018307, -0.15754429, 0.39350083, -0.6053529, 0.06850903, 47.33748, 258.49158, -156.67955)

[node name="cliff_wall25" parent="walls" unique_id=1528768115 instance=ExtResource("4_8eiv4")]
transform = Transform3D(-0.22476971, -0.39357734, -0.29212585, 0.20158002, 0.88606894, -0.19448087, 0.35101858, -0.7608657, -0.07537375, 60.2675, 243.32864, -143.42448)

[node name="cliff_wall26" parent="walls" unique_id=751581172 instance=ExtResource("4_8eiv4")]
transform = Transform3D(0.42150682, -0.0774584, -0.14679871, 0.12706229, 1.0247034, 0.173413, 0.14337778, -0.6803831, 0.2778841, 46.972496, 241.02867, -140.90022)

[node name="cliff_wall102" parent="walls" unique_id=1948596811 instance=ExtResource("4_8eiv4")]
transform = Transform3D(0.41972455, 0.12893084, -0.14679871, 0.05455778, 1.0692624, 0.173413, 0.18768255, -0.5991601, 0.27788407, 45.09959, 244.39313, -136.15758)

[node name="cliff_wall103" parent="walls" unique_id=163103905 instance=ExtResource("4_8eiv4")]
transform = Transform3D(0.34079227, 0.12893084, -0.24006027, 0.12093117, 1.0692624, 0.15189295, 0.28914753, -0.5991601, 0.21941076, 41.63209, 247.40213, -131.53387)

[node name="cliff_wall104" parent="walls" unique_id=1581219985 instance=ExtResource("4_8eiv4")]
transform = Transform3D(2.3421113, -0.13299157, -0.009131327, 0.70957416, 0.28533724, -0.52534145, 0.53757566, 0.20278701, 0.7332084, 38.70187, 256.919, -137.93217)

[node name="cliff_wall16" parent="walls" unique_id=667411634 instance=ExtResource("4_8eiv4")]
transform = Transform3D(0.777832, -0.33304387, -0.53297246, 0.26665604, 0.9428154, -0.1999833, 0.5690982, 0.013433054, 0.82216, 31.49795, 255.12466, -212.21346)

[node name="cliff_wall36" parent="walls" unique_id=605852729 instance=ExtResource("4_8eiv4")]
transform = Transform3D(0.008149624, -0.8460931, -0.53297246, 0.97041005, 0.13532077, -0.19998327, 0.24132687, -0.5155718, 0.82216, 41.6683, 244.91676, -208.10342)

[node name="cliff_wall71" parent="walls" unique_id=777982766 instance=ExtResource("4_8eiv4")]
transform = Transform3D(0.39879736, -0.74625796, -0.5329724, 0.79760516, 0.5690632, -0.19998327, 0.4525344, -0.34534866, 0.82216, 54.12873, 238.87907, -201.24516)

[node name="cliff_wall72" parent="walls" unique_id=1241709557 instance=ExtResource("4_8eiv4")]
transform = Transform3D(0.39879736, -0.74625796, -0.5329724, 0.79760516, 0.5690632, -0.19998327, 0.4525344, -0.34534866, 0.82216, 43.856503, 235.0247, -185.39929)

[node name="cliff_wall73" parent="walls" unique_id=604350076 instance=ExtResource("4_8eiv4")]
transform = Transform3D(0.39879736, -0.74625796, -0.5329724, 0.79760516, 0.5690632, -0.19998327, 0.4525344, -0.34534866, 0.82216, 61.700806, 241.72029, -212.92581)

[node name="cliff_wall67" parent="walls" unique_id=1159934978 instance=ExtResource("4_8eiv4")]
transform = Transform3D(0.008149624, -0.8460931, -0.53297246, 0.97041005, 0.13532077, -0.19998327, 0.24132687, -0.5155718, 0.82216, 31.479624, 241.09373, -192.38643)

[node name="cliff_wall69" parent="walls" unique_id=302568654 instance=ExtResource("4_8eiv4")]
transform = Transform3D(0.87180007, -0.29372045, 0.3920378, 0.28793326, 0.95471, 0.07498723, -0.3963079, 0.047506735, 0.9168879, 24.634743, 252.32056, -195.22565)

[node name="cliff_wall70" parent="walls" unique_id=355257955 instance=ExtResource("4_8eiv4")]
transform = Transform3D(0.87180007, -0.29372045, 0.3920378, 0.28793326, 0.95471, 0.07498723, -0.3963079, 0.047506735, 0.9168879, 30.580246, 250.44627, -183.50844)

[node name="cliff_wall68" parent="walls" unique_id=859824335 instance=ExtResource("4_8eiv4")]
transform = Transform3D(0.008149624, -0.8460931, -0.53297246, 0.97041005, 0.13532077, -0.19998327, 0.24132687, -0.5155718, 0.82216, 49.54561, 247.8725, -220.25491)

[node name="cliff_wall11" parent="walls" unique_id=944112940 instance=ExtResource("4_8eiv4")]
transform = Transform3D(-0.31671894, -0.022849467, -0.9482446, -0.097694285, 0.9951789, 0.00865001, 0.9434752, 0.09537759, -0.31742448, 83.77254, 288.05774, -194.67975)

[node name="cliff_wall48" parent="walls" unique_id=1390818403 instance=ExtResource("4_8eiv4")]
transform = Transform3D(-0.94900024, -0.022849465, -0.314447, -0.051597796, 0.9951788, 0.08340663, 0.3110253, 0.09537759, -0.9456042, 92.87416, 287.37897, -185.41718)

[node name="cliff_wall62" parent="walls" unique_id=1910539406 instance=ExtResource("4_8eiv4")]
transform = Transform3D(-0.75959706, 0.28594917, 0.58416283, 0.41120696, 0.90701723, 0.09071212, -0.5039065, 0.30911624, -0.80655193, 86.524574, 281.31604, -170.56137)

[node name="cliff_wall63" parent="walls" unique_id=1655937922 instance=ExtResource("4_8eiv4")]
transform = Transform3D(-0.5181614, 0.17482352, 0.8372253, 0.2916053, 0.9563456, -0.01922208, -0.8040371, 0.23417902, -0.5465209, 74.55411, 280.9396, -160.471)

[node name="cliff_wall64" parent="walls" unique_id=827697245 instance=ExtResource("4_8eiv4")]
transform = Transform3D(-0.33905154, 0.429067, 0.8372254, 0.76587296, 0.64270484, -0.01922208, -0.5463362, 0.63469046, -0.5465209, 78.30255, 269.33237, -167.09634)

[node name="cliff_wall65" parent="walls" unique_id=624884906 instance=ExtResource("4_8eiv4")]
transform = Transform3D(-0.33905154, 0.014671117, 0.94065386, 0.76587296, 0.58496803, 0.26692954, -0.5463362, 0.8109236, -0.20957044, 64.98552, 269.44843, -158.51453)

[node name="cliff_wall74" parent="walls" unique_id=757723878 instance=ExtResource("4_8eiv4")]
transform = Transform3D(-0.76017386, 0.64851886, -0.039487112, -0.114675686, -0.074101105, 0.9906358, 0.63951993, 0.75758314, 0.13069905, 52.658657, 265.96725, -154.83183)

[node name="cliff_wall75" parent="walls" unique_id=222800949 instance=ExtResource("4_8eiv4")]
transform = Transform3D(0.31370017, 0.8777542, -0.3621322, -0.11189775, 0.41290018, 0.90387666, 0.942906, -0.2430244, 0.22774552, 53.549088, 272.25555, -164.97467)

[node name="cliff_wall80" parent="walls" unique_id=823962069 instance=ExtResource("4_8eiv4")]
transform = Transform3D(0.49121273, -0.7921936, -0.36213222, 0.39270237, -0.1696837, 0.9038768, -0.77749324, -0.5862053, 0.22774556, 61.78789, 275.08224, -168.65065)

[node name="cliff_wall81" parent="walls" unique_id=241662369 instance=ExtResource("4_8eiv4")]
transform = Transform3D(0.61183316, -0.70322186, -0.36213225, 0.41482198, -0.10454871, 0.9038768, -0.6734863, -0.7032414, 0.22774556, 72.56867, 277.2779, -160.22249)

[node name="cliff_wall66" parent="walls" unique_id=1357482656 instance=ExtResource("4_8eiv4")]
transform = Transform3D(-0.78775847, -0.15611054, 0.59587497, 0.15133342, 0.88865745, 0.4328814, -0.59710586, 0.43118137, -0.67642266, 63.216267, 280.72122, -149.16362)

[node name="cliff_wall52" parent="walls" unique_id=642671789 instance=ExtResource("4_8eiv4")]
transform = Transform3D(-0.31131282, 0.8967762, -0.31444705, 0.9319818, 0.35277995, 0.08340663, 0.18572778, -0.26709312, -0.94560426, 83.451096, 273.7076, -183.48955)

[node name="cliff_wall53" parent="walls" unique_id=301372668 instance=ExtResource("4_8eiv4")]
transform = Transform3D(-0.31131282, 0.8967762, -0.31444705, 0.9319818, 0.35277995, 0.08340663, 0.18572778, -0.26709312, -0.94560426, 66.43597, 267.0141, -178.42181)

[node name="cliff_wall55" parent="walls" unique_id=1260704674 instance=ExtResource("4_8eiv4")]
transform = Transform3D(-0.31131282, 0.8967762, -0.31444705, 0.9319818, 0.35277995, 0.08340663, 0.18572778, -0.26709312, -0.94560426, 61.279346, 268.3819, -193.92879)

[node name="cliff_wall59" parent="walls" unique_id=405883798 instance=ExtResource("4_8eiv4")]
transform = Transform3D(-0.94702125, -0.06537949, -0.31444705, -0.0961696, 0.99186426, 0.083406635, 0.30643576, 0.109228015, -0.9456043, 52.05432, 268.10556, -208.08173)

[node name="cliff_wall60" parent="walls" unique_id=1653676225 instance=ExtResource("4_8eiv4")]
transform = Transform3D(-0.50257397, -0.06537949, -0.8620591, -0.12729588, 0.99186426, -0.0010116324, 0.85511166, 0.109228015, -0.5068079, 47.247253, 259.28122, -226.21497)

[node name="cliff_wall61" parent="walls" unique_id=416644468 instance=ExtResource("4_8eiv4")]
transform = Transform3D(0.6769411, -0.065379485, -0.73312867, -0.036335528, 0.9918643, -0.12200409, 0.73514044, 0.109228015, 0.6690581, 36.8655, 254.35767, -228.66797)

[node name="cliff_wall56" parent="walls" unique_id=982490282 instance=ExtResource("4_8eiv4")]
transform = Transform3D(-0.31131282, 0.8967762, -0.31444705, 0.9319818, 0.35277995, 0.08340663, 0.18572778, -0.26709312, -0.94560426, 78.18564, 275.03262, -198.96411)

[node name="cliff_wall57" parent="walls" unique_id=1612247138 instance=ExtResource("4_8eiv4")]
transform = Transform3D(-0.10680715, 0.89677626, -0.42940062, 0.7583536, 0.35277992, 0.54813004, 0.6430338, -0.26709312, -0.7177532, 65.59647, 272.84375, -209.08208)

[node name="cliff_wall58" parent="walls" unique_id=51890509 instance=ExtResource("4_8eiv4")]
transform = Transform3D(-0.49291646, 0.75809926, -0.4269888, 0.07204518, 0.52462524, 0.8482797, 0.867089, 0.38736823, -0.31321403, 61.952885, 269.18027, -196.96246)

[node name="cliff_wall54" parent="walls" unique_id=1622940973 instance=ExtResource("4_8eiv4")]
transform = Transform3D(-0.31131282, 0.8967762, -0.31444705, 0.9319818, 0.35277995, 0.08340663, 0.18572778, -0.26709312, -0.94560426, 56.565086, 263.131, -175.4819)

[node name="cliff_wall49" parent="walls" unique_id=1891088991 instance=ExtResource("4_8eiv4")]
transform = Transform3D(-0.94900024, -0.022849465, -0.314447, -0.051597796, 0.9951788, 0.08340663, 0.3110253, 0.09537759, -0.9456042, 92.55338, 301.34998, -184.0782)

[node name="cliff_wall50" parent="walls" unique_id=2011553038 instance=ExtResource("4_8eiv4")]
transform = Transform3D(-0.4058485, -0.16362858, -0.89917374, -0.41397434, 0.9100407, 0.021244101, 0.8148084, 0.38085645, -0.43707687, 82.64161, 301.25284, -193.06517)

[node name="cliff_wall51" parent="walls" unique_id=184754987 instance=ExtResource("4_8eiv4")]
transform = Transform3D(0.0120379105, 0.20354976, 1.0939509, -0.36635867, -0.910083, 0.21647632, 0.9303963, -0.36099365, 0.07108688, 62.655865, 298.7463, -196.3798)

[node name="cliff_wall8" parent="walls" unique_id=592960037 instance=ExtResource("4_8eiv4")]
transform = Transform3D(0.02234936, -0.083220154, 0.99628067, -0.9978802, 0.059069853, 0.027319469, -0.06112366, -0.9947788, -0.081723586, 74.42542, 304.29694, -177.11728)

[node name="cliff_wall42" parent="walls" unique_id=1138234569 instance=ExtResource("4_8eiv4")]
transform = Transform3D(-0.41053224, -0.08322017, -0.9080407, 0.90756726, 0.059069872, -0.4157318, 0.088235155, -0.99477893, 0.051277768, 73.4584, 308.50583, -176.78648)

[node name="cliff_wall46" parent="walls" unique_id=1330875579 instance=ExtResource("4_8eiv4")]
transform = Transform3D(-0.41053224, 0.30285856, -0.86008143, 0.90756726, 0.2269854, -0.35327008, 0.08823518, -0.92561024, -0.36804932, 74.85222, 310.5048, -190.86252)

[node name="cliff_wall47" parent="walls" unique_id=1468479828 instance=ExtResource("4_8eiv4")]
transform = Transform3D(-0.9059683, 0.30285856, -0.2958014, 0.37001634, 0.2269854, -0.9008694, -0.20569335, -0.92561024, -0.31770417, 86.97207, 322.5916, -192.23882)

[node name="cliff_wall43" parent="walls" unique_id=1545196263 instance=ExtResource("4_8eiv4")]
transform = Transform3D(0.084435165, 0.9946533, -0.059456646, 0.48811588, -0.09330815, -0.86777693, -0.86868525, 0.044249058, -0.49338457, 55.213074, 316.2915, -169.20277)

[node name="cliff_wall44" parent="walls" unique_id=553652118 instance=ExtResource("4_8eiv4")]
transform = Transform3D(0.084435165, 0.9946533, -0.059456646, 0.48811588, -0.09330815, -0.86777693, -0.86868525, 0.044249058, -0.49338457, 74.68046, 314.46527, -168.33673)

[node name="cliff_wall45" parent="walls" unique_id=1803074201 instance=ExtResource("4_8eiv4")]
transform = Transform3D(-0.94909215, 0.28043973, -0.14344975, 0.22840251, 0.2990638, -0.92649513, -0.21692543, -0.9120931, -0.34789237, 81.33185, 317.98108, -175.85777)

[node name="cliff_wall3" parent="walls" unique_id=1539611801 instance=ExtResource("4_8eiv4")]
transform = Transform3D(0.8365164, -0.22414389, 0.50000006, 0.25881907, 0.96592593, 0, -0.4829629, 0.12940952, 0.8660254, 28.46954, 316.69467, -187.18074)

